3187039357
1632522852
1141811329
1138714201
4533220776
1332161812
1167199672
1896076176
1123099134
1146921762
1140227049
3432624310
2137314931
1188826666
3138896654
8532370415
2298096674
2737650441
3432621541
4134254192
3132742085
8586316187
4799616463
5198546105
3136397508
2134047649
1330268411
1132887832
1129922922
1141530512
2127568377
3232811904
3432559186
1633431960
1129010514
4836250516
3898901319
1123047759
5134354458
6196683505
1578120497
8588110398
7436623314
1158736317
7799995441
2124557997
9832755016
1833232362
8134241918
1142437552
8232211247
5135231814
1141581735
1142264007
5491074878
4133426808
7134829595
6436714664
1938283647
6481215529
8185193485
1158242728
3186979898
1158417847
1193513014
4733375456
1136085793
1158411922
1992286882
4733542826
1125141384
5134540843
8994099812
3134820132
1332893237
1938322551
2136582117
8835813341
4796738866
3134586774
7133155065
3532654205
8738634504
7133297195
2131589355
6792200804
7499704710
8488960894
8333225496
1124464163
2126651941
4236275783
6332255307
1197995613
5496210048
8532893139
7499684929
7730871476
5534113564
2120040186
8994408840
8499794499
4932750761
7388476515
1124690828
6730257482
6334145269
2164638373
8135350626
7130161544
8432433200
2121868097
7335263533
8132425891
1639134031
1139362377
5332581291
3197791261
1146446950
6192844721